 L23E L23I L4E L4I L5E L5I L6E L6I
L23E 1.0 0.18443284537301113 0.03254716511428111 0.31635834800574986 0.30164158620443354 0.11256974237958231 0.14043134699158047 0.0790457149401421
L23I 0.18443284537301113 1.0 0.0973484846795674 0.25908847165410354 0.19585421030042746 0.02874129270279217 0.023966487066765192 0.07639549316899374
L4E 0.03254716511428111 0.0973484846795674 1.0 0.6559608865865789 -0.04260615976939637 0.06068064779620418 0.07758152817350354 -0.08970147100180324
L4I 0.31635834800574986 0.25908847165410354 0.6559608865865789 1.0 0.1470204343890939 0.14987830523722878 0.0963219119929371 -0.01590960359637069
L5E 0.30164158620443354 0.19585421030042746 -0.04260615976939637 0.1470204343890939 1.0 0.5440688660489229 0.05909279154781314 0.05289365083646598
L5I 0.11256974237958231 0.02874129270279217 0.06068064779620418 0.14987830523722878 0.5440688660489229 1.0 0.007664172713419293 -0.007449026445378356
L6E 0.14043134699158047 0.023966487066765192 0.07758152817350354 0.0963219119929371 0.05909279154781314 0.007664172713419293 1.0 0.5872806383314358
L6I 0.0790457149401421 0.07639549316899374 -0.08970147100180324 -0.01590960359637069 0.05289365083646598 -0.007449026445378356 0.5872806383314358 1.0
