 L23E L23I L4E L4I L5E L5I L6E L6I
L23E 1.0 0.19702720455349548 0.12884528156885386 0.11069637269450344 0.013239825602039478 0.0008724412952386106 0.04123121576856859 0.010150304197753073
L23I 0.19702720455349548 1.0 0.3965647930133214 0.14466733727708783 -0.017557953832660494 -0.03253125391428992 0.08154800730387138 0.014909045490439672
L4E 0.12884528156885386 0.3965647930133214 1.0 0.6105065986476745 -0.07397891053954372 0.013642555123277628 0.12231014705661765 0.007341142173708374
L4I 0.11069637269450344 0.14466733727708783 0.6105065986476745 1.0 0.011640202484736616 0.053448111314702805 0.1022810667029453 0.02713072686925385
L5E 0.013239825602039478 -0.017557953832660494 -0.07397891053954372 0.011640202484736616 1.0 0.47677622347082643 -0.013798645117620802 -0.004450586052814209
L5I 0.0008724412952386106 -0.03253125391428992 0.013642555123277628 0.053448111314702805 0.47677622347082643 1.0 0.008510777374168983 -0.01668323601170134
L6E 0.04123121576856859 0.08154800730387138 0.12231014705661765 0.1022810667029453 -0.013798645117620802 0.008510777374168983 1.0 0.6703685518905714
L6I 0.010150304197753073 0.014909045490439672 0.007341142173708374 0.02713072686925385 -0.004450586052814209 -0.01668323601170134 0.6703685518905714 1.0
