 L23E L23I L4E L4I L5E L5I L6E L6I
L23E 1.0 0.7050780942890764 0.8990214016979388 0.9388718711457764 0.8603694639015873 0.7656920085825516 0.6969163252541647 0.4186990114546375
L23I 0.7050780942890764 1.0 0.4722598319545668 0.5613497760577847 0.9120205316444423 0.9066420668394808 0.7741215363113677 0.7056048227096211
L4E 0.8990214016979388 0.4722598319545668 1.0 0.9529733503580708 0.7046212368264537 0.5934483277976164 0.6107447426368113 0.3265655873569538
L4I 0.9388718711457764 0.5613497760577847 0.9529733503580708 1.0 0.7657882005378941 0.651852255027935 0.6512209115940589 0.40889846597740576
L5E 0.8603694639015873 0.9120205316444423 0.7046212368264537 0.7657882005378941 1.0 0.9294002688616694 0.8497552690986944 0.665932924215018
L5I 0.7656920085825516 0.9066420668394808 0.5934483277976164 0.651852255027935 0.9294002688616694 1.0 0.839164076825703 0.672407974214272
L6E 0.6969163252541647 0.7741215363113677 0.6107447426368113 0.6512209115940589 0.8497552690986944 0.839164076825703 1.0 0.6834445095729607
L6I 0.4186990114546375 0.7056048227096211 0.3265655873569538 0.40889846597740576 0.665932924215018 0.672407974214272 0.6834445095729607 1.0
