 L23E L23I L4E L4I L5E L5I L6E L6I
L23E 1.0 0.7479061660951551 0.8496617599104312 0.9496188216096407 0.8434794013232502 0.6831498485626902 0.5640888685772568 0.23633091780264404
L23I 0.7479061660951551 1.0 0.6549923406577361 0.7114158249531787 0.8019728171468992 0.7138462035668679 0.5770447546844305 0.29090187256684025
L4E 0.8496617599104312 0.6549923406577361 1.0 0.8941857980512191 0.769520459621223 0.6127824825246233 0.5746750503913167 0.3608845356321982
L4I 0.9496188216096407 0.7114158249531787 0.8941857980512191 1.0 0.833214956822348 0.6530789641355691 0.5828553608786038 0.29631206851674263
L5E 0.8434794013232502 0.8019728171468992 0.769520459621223 0.833214956822348 1.0 0.7365040791313505 0.6267953812175576 0.34471041343470943
L5I 0.6831498485626902 0.7138462035668679 0.6127824825246233 0.6530789641355691 0.7365040791313505 1.0 0.5602056031870876 0.2951728296840355
L6E 0.5640888685772568 0.5770447546844305 0.5746750503913167 0.5828553608786038 0.6267953812175576 0.5602056031870876 1.0 0.41149235796076394
L6I 0.23633091780264404 0.29090187256684025 0.3608845356321982 0.29631206851674263 0.34471041343470943 0.2951728296840355 0.41149235796076394 1.0
