 L23E L23I L4E L4I L5E L5I L6E L6I
L23E 1.0 0.7313866798615809 0.9192065393540381 0.9603129881676824 0.8779032016873942 0.8029379411382993 0.777955642634824 0.5413133052621173
L23I 0.7313866798615809 1.0 0.48877772696677646 0.6071788822393432 0.9388845847893543 0.9411517702021269 0.843616031642576 0.8426305632670625
L4E 0.9192065393540381 0.48877772696677646 1.0 0.9636376533187397 0.7055426573197364 0.6124274410274405 0.6555990956679816 0.3695096828600095
L4I 0.9603129881676824 0.6071788822393432 0.9636376533187397 1.0 0.7894850842338692 0.6981569973992072 0.7161765002086169 0.49049997623841785
L5E 0.8779032016873942 0.9388845847893543 0.7055426573197364 0.7894850842338692 1.0 0.9585808234463318 0.9050424612118931 0.7855791027930394
L5I 0.8029379411382993 0.9411517702021269 0.6124274410274405 0.6981569973992072 0.9585808234463318 1.0 0.9003502629221355 0.7976752702287886
L6E 0.777955642634824 0.843616031642576 0.6555990956679816 0.7161765002086169 0.9050424612118931 0.9003502629221355 1.0 0.7698746031015908
L6I 0.5413133052621173 0.8426305632670625 0.3695096828600095 0.49049997623841785 0.7855791027930394 0.7976752702287886 0.7698746031015908 1.0
