 L23E L23I L4E L4I L5E L5I L6E L6I
L23E 1.0 0.9866198488187756 0.8284645062606784 0.8232356932282393 0.30981234706285765 0.21718912568127116 0.09402577247633202 -0.011346736598657368
L23I 0.9866198488187756 1.0 0.7749242683834341 0.7692678450564208 0.31181830715501546 0.21580296085817083 0.09850890437847036 -0.00191839245787461
L4E 0.8284645062606784 0.7749242683834341 1.0 0.9936528985578195 0.25374799047914226 0.20231566890568498 0.04685693401101241 -0.0709828214812898
L4I 0.8232356932282393 0.7692678450564208 0.9936528985578195 1.0 0.25352789455145536 0.20259954627331617 0.04776639519213398 -0.0701914411182978
L5E 0.30981234706285765 0.31181830715501546 0.25374799047914226 0.25352789455145536 1.0 0.9864179965780963 0.07176242172283429 0.024204594941184997
L5I 0.21718912568127116 0.21580296085817083 0.20231566890568498 0.20259954627331617 0.9864179965780963 1.0 0.05991104189774608 0.01955166037272802
L6E 0.09402577247633202 0.09850890437847036 0.04685693401101241 0.04776639519213398 0.07176242172283429 0.05991104189774608 1.0 0.9802229096964618
L6I -0.011346736598657368 -0.00191839245787461 -0.0709828214812898 -0.0701914411182978 0.024204594941184997 0.01955166037272802 0.9802229096964618 1.0
