 L23E L23I L4E L4I L5E L5I L6E L6I
L23E 1.0 0.9823079137044531 0.8839377072230094 0.8827491032753997 0.1565580340849639 0.10439462980185207 0.1296810482249822 0.02302569971748084
L23I 0.9823079137044531 1.0 0.8351453588710849 0.8332852758771312 0.157095514865404 0.10150284047405862 0.12445826136065356 0.02325786873201121
L4E 0.8839377072230094 0.8351453588710849 1.0 0.9939710347648869 0.13937790146471118 0.11147432241990439 0.1405602015480116 0.0236064123376328
L4I 0.8827491032753997 0.8332852758771312 0.9939710347648869 1.0 0.1392433104956842 0.11150928926675391 0.1400309807058994 0.023055484397791322
L5E 0.1565580340849639 0.157095514865404 0.13937790146471118 0.1392433104956842 1.0 0.9895646441007523 0.043868734457746236 0.015171938893833522
L5I 0.10439462980185207 0.10150284047405862 0.11147432241990439 0.11150928926675391 0.9895646441007523 1.0 0.038678881052629 0.01387550054472908
L6E 0.1296810482249822 0.12445826136065356 0.1405602015480116 0.1400309807058994 0.043868734457746236 0.038678881052629 1.0 0.9795954082871605
L6I 0.02302569971748084 0.02325786873201121 0.0236064123376328 0.023055484397791322 0.015171938893833522 0.01387550054472908 0.9795954082871605 1.0
