 L23E L23I L4E L4I L5E L5I L6E L6I
L23E 1.0 0.9902432520761206 0.8043346984274579 0.7996721474234512 0.3577951086242313 0.25819863903185464 0.19325415317398037 0.08616040126673287
L23I 0.9902432520761206 1.0 0.758322740481157 0.7532313507605648 0.35926966597994386 0.2570761312547229 0.19155533706380132 0.08940400937165839
L4E 0.8043346984274579 0.758322740481157 1.0 0.99456180422312 0.267125919479628 0.20952216740807825 0.14620088237905107 0.024674208556034895
L4I 0.7996721474234512 0.7532313507605648 0.99456180422312 1.0 0.2653591626707443 0.20843481294530694 0.14512706115178794 0.023928273224707235
L5E 0.3577951086242313 0.35926966597994386 0.267125919479628 0.2653591626707443 1.0 0.9867713561052158 0.13791052487847297 0.09044260567543905
L5I 0.25819863903185464 0.2570761312547229 0.20952216740807825 0.20843481294530694 0.9867713561052158 1.0 0.11709709254743177 0.07748190843932579
L6E 0.19325415317398037 0.19155533706380132 0.14620088237905107 0.14512706115178794 0.13791052487847297 0.11709709254743177 1.0 0.9808135775387395
L6I 0.08616040126673287 0.08940400937165839 0.024674208556034895 0.023928273224707235 0.09044260567543905 0.07748190843932579 0.9808135775387395 1.0
