 L23E L23I L4E L4I L5E L5I L6E L6I
L23E 1.0 -0.06755489391868788 0.09780357535407513 0.04229838014666435 -0.02810677121257974 -0.00868540376933033 0.04756243248440852 -0.004962609558637008
L23I -0.06755489391868788 1.0 0.06358363020401553 0.12477012957306219 0.13480250166592087 0.06546623214751679 0.03702078126235926 0.024262902590701716
L4E 0.09780357535407513 0.06358363020401553 1.0 0.44693471515928834 -0.0012119563664177186 0.06159426078053558 0.05105707987993012 -0.0243523225161619
L4I 0.04229838014666435 0.12477012957306219 0.44693471515928834 1.0 0.13358486651907114 0.10024485405475565 0.05556059290728769 0.015146235668826521
L5E -0.02810677121257974 0.13480250166592087 -0.0012119563664177186 0.13358486651907114 1.0 0.5915085918530133 0.03763314552280401 0.023263461924145763
L5I -0.00868540376933033 0.06546623214751679 0.06159426078053558 0.10024485405475565 0.5915085918530133 1.0 0.018612730633092423 0.01710009733843883
L6E 0.04756243248440852 0.03702078126235926 0.05105707987993012 0.05556059290728769 0.03763314552280401 0.018612730633092423 1.0 0.25180120117063465
L6I -0.004962609558637008 0.024262902590701716 -0.0243523225161619 0.015146235668826521 0.023263461924145763 0.01710009733843883 0.25180120117063465 1.0
