 L23E L23I L4E L4I L5E L5I L6E L6I
L23E 1.0 -0.007787164624596613 -0.000344333549535285 0.018793764628048396 0.004330790433681788 -0.0031696819080711284 -0.03386064572696133 -0.011996728780468743
L23I -0.007787164624596613 1.0 0.11567079317649151 0.07738568676606478 -0.0010489296771767156 -0.003783872770841331 0.01843902462870602 -0.026742932287027246
L4E -0.000344333549535285 0.11567079317649151 1.0 0.24054471192132407 -0.05634511878354737 -0.014586673931752217 0.02064705989791881 -0.0127785639365142
L4I 0.018793764628048396 0.07738568676606478 0.24054471192132407 1.0 0.006490139415185016 0.036900176472663006 0.0318206160818311 0.015203601290651283
L5E 0.004330790433681788 -0.0010489296771767156 -0.05634511878354737 0.006490139415185016 1.0 0.4037628654227579 0.015696501044035634 -0.004545623258650149
L5I -0.0031696819080711284 -0.003783872770841331 -0.014586673931752217 0.036900176472663006 0.4037628654227579 1.0 0.015628917300583824 -0.0043381391253323335
L6E -0.03386064572696133 0.01843902462870602 0.02064705989791881 0.0318206160818311 0.015696501044035634 0.015628917300583824 1.0 0.27404923877533865
L6I -0.011996728780468743 -0.026742932287027246 -0.0127785639365142 0.015203601290651283 -0.004545623258650149 -0.0043381391253323335 0.27404923877533865 1.0
