 L23E L23I L4E L4I L5E L5I L6E L6I
L23E 1.0 0.01817065291251157 0.010000959914841021 0.025345490603172326 0.009437285262109947 0.0018619390794721 -0.015368912251064074 -0.025057644446317254
L23I 0.01817065291251157 1.0 -0.030049055402647743 -0.0422455501328597 0.07966099874586378 -0.03268411043186698 -0.03360563720483761 0.012367604274387918
L4E 0.010000959914841021 -0.030049055402647743 1.0 0.39016229071517355 -0.013159371852316944 0.059815965404378744 0.024478618588971525 -0.04779393005911038
L4I 0.025345490603172326 -0.0422455501328597 0.39016229071517355 1.0 0.020048160242365286 0.09303820887210335 0.0036582590098784137 -0.04897987352096883
L5E 0.009437285262109947 0.07966099874586378 -0.013159371852316944 0.020048160242365286 1.0 0.2419095925886488 -0.010102552538298443 -0.0038465606331747676
L5I 0.0018619390794721 -0.03268411043186698 0.059815965404378744 0.09303820887210335 0.2419095925886488 1.0 -0.005359582779540762 -0.012531186517112703
L6E -0.015368912251064074 -0.03360563720483761 0.024478618588971525 0.0036582590098784137 -0.010102552538298443 -0.005359582779540762 1.0 0.18809494620509112
L6I -0.025057644446317254 0.012367604274387918 -0.04779393005911038 -0.04897987352096883 -0.0038465606331747676 -0.012531186517112703 0.18809494620509112 1.0
