 L23E L23I L4E L4I L5E L5I L6E L6I
L23E 1.0 0.8487471732018419 0.6314884484664446 0.59600083697303 0.07476941814243382 0.03520256400547366 0.14491881785732516 0.013039876710457612
L23I 0.8487471732018419 1.0 0.6056810428425089 0.5165362529222374 0.05848282084748912 0.022519804239282952 0.138754613530736 0.023288098549700077
L4E 0.6314884484664446 0.6056810428425089 1.0 0.8601034838102508 0.0334260847948348 0.06633277801758859 0.1597593547819248 0.03043916686508717
L4I 0.59600083697303 0.5165362529222374 0.8601034838102508 1.0 0.0462671635990751 0.07522192286856104 0.13722906841788868 0.02150863758762425
L5E 0.07476941814243382 0.05848282084748912 0.0334260847948348 0.0462671635990751 1.0 0.8914740695558854 0.02211550133104247 0.04788248091048897
L5I 0.03520256400547366 0.022519804239282952 0.06633277801758859 0.07522192286856104 0.8914740695558854 1.0 0.04097113803710136 0.045827162646918045
L6E 0.14491881785732516 0.138754613530736 0.1597593547819248 0.13722906841788868 0.02211550133104247 0.04097113803710136 1.0 0.7824295381667452
L6I 0.013039876710457612 0.023288098549700077 0.03043916686508717 0.02150863758762425 0.04788248091048897 0.045827162646918045 0.7824295381667452 1.0
