 L23E L23I L4E L4I L5E L5I L6E L6I
L23E 1.0 0.7856631431325989 0.35960018593410853 0.3704919662619021 0.34792610063383905 0.19930193005440572 0.3171729883423653 0.1336786134029493
L23I 0.7856631431325989 1.0 0.47797516148772423 0.5056122725026173 0.23550087629979813 0.13186729399294533 0.20774541563863894 0.08225426441663673
L4E 0.35960018593410853 0.47797516148772423 1.0 0.8636521298135783 0.08464970978107726 0.17201177998521194 0.22141466566723494 0.05511869224745537
L4I 0.3704919662619021 0.5056122725026173 0.8636521298135783 1.0 0.09551487114793404 0.13938232565154435 0.16206814720041687 0.027720642612263282
L5E 0.34792610063383905 0.23550087629979813 0.08464970978107726 0.09551487114793404 1.0 0.8798062908183496 0.1330016130282221 0.07509082819430031
L5I 0.19930193005440572 0.13186729399294533 0.17201177998521194 0.13938232565154435 0.8798062908183496 1.0 0.1111960037124133 0.04061943151350997
L6E 0.3171729883423653 0.20774541563863894 0.22141466566723494 0.16206814720041687 0.1330016130282221 0.1111960037124133 1.0 0.7830095652328984
L6I 0.1336786134029493 0.08225426441663673 0.05511869224745537 0.027720642612263282 0.07509082819430031 0.04061943151350997 0.7830095652328984 1.0
