 L23E L23I L4E L4I L5E L5I L6E L6I
L23E 1.0 0.23192516809063676 0.08734648680903973 0.18527312040763025 0.1835346043116355 0.3449413129873502 -0.06324529069629085 0.15125176840734336
L23I 0.23192516809063676 1.0 -0.26138554067630776 -0.034083228045117896 0.42887405180377547 0.32026949601396143 -0.15496085210910573 0.23999695143563077
L4E 0.08734648680903973 -0.26138554067630776 1.0 0.3960392710127367 -0.03430425668339295 0.15106614492384432 0.18995705889843026 -0.035732524355335825
L4I 0.18527312040763025 -0.034083228045117896 0.3960392710127367 1.0 0.17280723145717564 0.33708846915559787 0.1136060093595358 0.09387413240720996
L5E 0.1835346043116355 0.42887405180377547 -0.03430425668339295 0.17280723145717564 1.0 0.6024803896993662 0.00527736017001477 0.32615784950662424
L5I 0.3449413129873502 0.32026949601396143 0.15106614492384432 0.33708846915559787 0.6024803896993662 1.0 -0.014352920258676934 0.2966633313888194
L6E -0.06324529069629085 -0.15496085210910573 0.18995705889843026 0.1136060093595358 0.00527736017001477 -0.014352920258676934 1.0 -0.03331161526524646
L6I 0.15125176840734336 0.23999695143563077 -0.035732524355335825 0.09387413240720996 0.32615784950662424 0.2966633313888194 -0.03331161526524646 1.0
