 L23E L23I L4E L4I L5E L5I L6E L6I
L23E 1.0 0.5231438597570045 -0.18305592378783206 0.04661507398110221 0.2153058559386613 0.1634669650272831 -0.2861762218138309 0.1930920452831305
L23I 0.5231438597570045 1.0 -0.07937240655088894 0.3229134970626765 0.5264399192217268 0.48755396311172833 -0.1773679219812421 0.38677589917276683
L4E -0.18305592378783206 -0.07937240655088894 1.0 0.3826451762962409 -0.1894068250774322 0.1482782727555204 0.29470159300684184 -0.17888365006192114
L4I 0.04661507398110221 0.3229134970626765 0.3826451762962409 1.0 0.3456404153864743 0.5415683034457849 0.09513363075569858 0.22022388023403217
L5E 0.2153058559386613 0.5264399192217268 -0.1894068250774322 0.3456404153864743 1.0 0.6874180766702176 -0.07339872147159529 0.4749102543811918
L5I 0.1634669650272831 0.48755396311172833 0.1482782727555204 0.5415683034457849 0.6874180766702176 1.0 -0.009534901928869575 0.39134785536655353
L6E -0.2861762218138309 -0.1773679219812421 0.29470159300684184 0.09513363075569858 -0.07339872147159529 -0.009534901928869575 1.0 -0.10296862913989314
L6I 0.1930920452831305 0.38677589917276683 -0.17888365006192114 0.22022388023403217 0.4749102543811918 0.39134785536655353 -0.10296862913989314 1.0
