 L23E L23I L4E L4I L5E L5I L6E L6I
L23E 1.0 0.9317727212038671 0.5005292813827247 0.3956017812054152 0.7575254541742791 0.5072704370531441 0.7205072448059219 0.40553661374844224
L23I 0.9317727212038671 1.0 0.5984477732161182 0.5286467434935715 0.726837006850958 0.5373378982877463 0.6243024341958578 0.3587613991018924
L4E 0.5005292813827247 0.5984477732161182 1.0 0.9217432254494823 0.38036394835398607 0.5164636593051174 0.5223965530492115 0.3044370634000865
L4I 0.3956017812054152 0.5286467434935715 0.9217432254494823 1.0 0.28619007610223574 0.3997525726857969 0.3437893680278248 0.17465029634790782
L5E 0.7575254541742791 0.726837006850958 0.38036394835398607 0.28619007610223574 1.0 0.8815163307796116 0.5860270918918065 0.3780398802067622
L5I 0.5072704370531441 0.5373378982877463 0.5164636593051174 0.3997525726857969 0.8815163307796116 1.0 0.5036629769332297 0.36023927451397253
L6E 0.7205072448059219 0.6243024341958578 0.5223965530492115 0.3437893680278248 0.5860270918918065 0.5036629769332297 1.0 0.8475101948531596
L6I 0.40553661374844224 0.3587613991018924 0.3044370634000865 0.17465029634790782 0.3780398802067622 0.36023927451397253 0.8475101948531596 1.0
