 L23E L23I L4E L4I L5E L5I L6E L6I
L23E 1.0 0.7816741305462108 0.9248362261737708 0.9804513150871158 0.9053285415049646 0.8530515395032598 0.8628330615546592 0.6801663672375998
L23I 0.7816741305462108 1.0 0.5113147159297041 0.6852685418491882 0.962542936845988 0.9742043779648836 0.9119942297637804 0.9511673897848182
L4E 0.9248362261737708 0.5113147159297041 1.0 0.9657954866802095 0.7066073548922619 0.6311185314237752 0.697032956846373 0.4205057402784478
L4I 0.9804513150871158 0.6852685418491882 0.9657954866802095 1.0 0.8362266547837813 0.7713246487692536 0.804883538053106 0.6038808116240298
L5E 0.9053285415049646 0.962542936845988 0.7066073548922619 0.8362266547837813 1.0 0.9868644480016003 0.9627481122654444 0.9000070717026498
L5I 0.8530515395032598 0.9742043779648836 0.6311185314237752 0.7713246487692536 0.9868644480016003 1.0 0.962266630579989 0.9217289020586064
L6E 0.8628330615546592 0.9119942297637804 0.697032956846373 0.804883538053106 0.9627481122654444 0.962266630579989 1.0 0.8802648680082953
L6I 0.6801663672375998 0.9511673897848182 0.4205057402784478 0.6038808116240298 0.9000070717026498 0.9217289020586064 0.8802648680082953 1.0
