 L23E L23I L4E L4I L5E L5I L6E L6I
L23E 1.0 0.7879041681863544 0.9186146485474862 0.9785884359958891 0.9064569581824863 0.8551780430692401 0.8634083207621803 0.6881343113890865
L23I 0.7879041681863544 1.0 0.5138230738437192 0.6901347264591918 0.9627070170694816 0.972435944148094 0.9138942479145203 0.9494920088002603
L4E 0.9186146485474862 0.5138230738437192 1.0 0.9609455391717425 0.7026082509299125 0.62833053274572 0.6886864732933036 0.41994414665866264
L4I 0.9785884359958891 0.6901347264591918 0.9609455391717425 1.0 0.8364792695327191 0.773243146468461 0.8028851568281951 0.6058516408938042
L5E 0.9064569581824863 0.9627070170694816 0.7026082509299125 0.8364792695327191 1.0 0.9833585121565012 0.9598272027324554 0.8998351829312713
L5I 0.8551780430692401 0.972435944148094 0.62833053274572 0.773243146468461 0.9833585121565012 1.0 0.9562375207250384 0.9198706431760714
L6E 0.8634083207621803 0.9138942479145203 0.6886864732933036 0.8028851568281951 0.9598272027324554 0.9562375207250384 1.0 0.8766559987286099
L6I 0.6881343113890865 0.9494920088002603 0.41994414665866264 0.6058516408938042 0.8998351829312713 0.9198706431760714 0.8766559987286099 1.0
