 L23E L23I L4E L4I L5E L5I L6E L6I
L23E 1.0 0.9948123463622408 0.7689493136595311 0.7587299554765884 0.6163810342449563 0.5025615202998164 0.3963154344681169 0.2806405082085133
L23I 0.9948123463622408 1.0 0.7230020009255482 0.711874119524553 0.6195621430150952 0.5026898158814789 0.402190908494708 0.2920898759978509
L4E 0.7689493136595311 0.7230020009255482 1.0 0.9968384600721307 0.4337199394368503 0.3784420325009498 0.2404466303421447 0.10176483205683064
L4I 0.7587299554765884 0.711874119524553 0.9968384600721307 1.0 0.4263905228991607 0.3729903017640589 0.23610484258205464 0.09734012504145967
L5E 0.6163810342449563 0.6195621430150952 0.4337199394368503 0.4263905228991607 1.0 0.984706926995859 0.3710782437833513 0.2985310927818671
L5I 0.5025615202998164 0.5026898158814789 0.3784420325009498 0.3729903017640589 0.984706926995859 1.0 0.3319712392447263 0.26794245858796145
L6E 0.3963154344681169 0.402190908494708 0.2404466303421447 0.23610484258205464 0.3710782437833513 0.3319712392447263 1.0 0.9813152706042619
L6I 0.2806405082085133 0.2920898759978509 0.10176483205683064 0.09734012504145967 0.2985310927818671 0.26794245858796145 0.9813152706042619 1.0
