 L23E L23I L4E L4I L5E L5I L6E L6I
L23E 1.0 0.9948826549797888 0.769537824157385 0.7598376360045377 0.6165271283155855 0.5024685936650675 0.3960258370347552 0.2780706742287661
L23I 0.9948826549797888 1.0 0.7228565523341727 0.7122436295767429 0.6205270118630555 0.5033000949700009 0.4040671784112035 0.29173650525310174
L4E 0.769537824157385 0.7228565523341727 1.0 0.9968375050348728 0.434546509677972 0.37917174213539323 0.2408753465639204 0.10045960054306609
L4I 0.7598376360045377 0.7122436295767429 0.9968375050348728 1.0 0.4277861019624642 0.3741093566023531 0.23722400192381826 0.09693370947001698
L5E 0.6165271283155855 0.6205270118630555 0.434546509677972 0.4277861019624642 1.0 0.9847043058390077 0.3698144031812252 0.2967892394165
L5I 0.5024685936650675 0.5033000949700009 0.37917174213539323 0.3741093566023531 0.9847043058390077 1.0 0.3309841262936849 0.2669607851262129
L6E 0.3960258370347552 0.4040671784112035 0.2408753465639204 0.23722400192381826 0.3698144031812252 0.3309841262936849 1.0 0.9814712762988222
L6I 0.2780706742287661 0.29173650525310174 0.10045960054306609 0.09693370947001698 0.2967892394165 0.2669607851262129 0.9814712762988222 1.0
