 L23E L23I L4E L4I L5E L5I L6E L6I
L23E 1.0 0.36370990087019106 0.14046696596262942 0.32105000355742513 0.3880525817071109 0.22711875591412597 0.2343393396573546 0.12385300403100119
L23I 0.36370990087019106 1.0 0.012239876554935076 0.33413510120252826 0.3425053022452516 0.17563357153739576 0.09111898235878657 0.13269166239956645
L4E 0.14046696596262942 0.012239876554935076 1.0 0.5074669458217373 -0.025428740314848264 0.0535504480976067 0.1336412691429773 -0.055050496226769684
L4I 0.32105000355742513 0.33413510120252826 0.5074669458217373 1.0 0.19879992527147672 0.1737482851251134 0.1283624969366301 0.03487215015872293
L5E 0.3880525817071109 0.3425053022452516 -0.025428740314848264 0.19879992527147672 1.0 0.6557371168201848 0.16569978497740612 0.18429835372094863
L5I 0.22711875591412597 0.17563357153739576 0.0535504480976067 0.1737482851251134 0.6557371168201848 1.0 0.12012437957240611 0.12979095427397022
L6E 0.2343393396573546 0.09111898235878657 0.1336412691429773 0.1283624969366301 0.16569978497740612 0.12012437957240611 1.0 0.31209356494236556
L6I 0.12385300403100119 0.13269166239956645 -0.055050496226769684 0.03487215015872293 0.18429835372094863 0.12979095427397022 0.31209356494236556 1.0
