 L23E L23I L4E L4I L5E L5I L6E L6I
L23E 1.0 0.8608439496253395 0.4247289612038132 0.3980042809879109 0.609072975589851 0.37688289875604175 0.6145895612718 0.35590672720962696
L23I 0.8608439496253395 1.0 0.5720967349031214 0.5639687426246077 0.521368320355065 0.37284529299266694 0.5150796730670629 0.2923092397279402
L4E 0.4247289612038132 0.5720967349031214 1.0 0.9169093223559885 0.25242067338027113 0.42203153292692597 0.468865437781477 0.2183112180363249
L4I 0.3980042809879109 0.5639687426246077 0.9169093223559885 1.0 0.23050076119059873 0.3510934912934715 0.35359974738407973 0.1371468011191757
L5E 0.609072975589851 0.521368320355065 0.25242067338027113 0.23050076119059873 1.0 0.8417881293041314 0.4278198043064252 0.27131315871628575
L5I 0.37688289875604175 0.37284529299266694 0.42203153292692597 0.3510934912934715 0.8417881293041314 1.0 0.39242331997537294 0.2424295856862703
L6E 0.6145895612718 0.5150796730670629 0.468865437781477 0.35359974738407973 0.4278198043064252 0.39242331997537294 1.0 0.8106747728556427
L6I 0.35590672720962696 0.2923092397279402 0.2183112180363249 0.1371468011191757 0.27131315871628575 0.2424295856862703 0.8106747728556427 1.0
