 L23E L23I L4E L4I L5E L5I L6E L6I
L23E 1.0 0.26908852446533665 0.2800093267763903 0.2332122197241854 0.15890234574317147 0.0552717500379171 0.3129723919459222 0.05366217946026112
L23I 0.26908852446533665 1.0 0.04558596670099226 0.2585346468633078 0.6220379396801804 0.21134448179844015 -0.013497509634281929 0.23746080239225628
L4E 0.2800093267763903 0.04558596670099226 1.0 0.6680321652059789 -0.05868636622397603 0.045496947723738024 0.2290179126944034 -0.0550509183185909
L4I 0.2332122197241854 0.2585346468633078 0.6680321652059789 1.0 0.1872473783298916 0.08331364587074386 0.09974593343244607 0.1355487253658547
L5E 0.15890234574317147 0.6220379396801804 -0.05868636622397603 0.1872473783298916 1.0 0.627211957126324 0.011493376005950654 0.3018811448168631
L5I 0.0552717500379171 0.21134448179844015 0.045496947723738024 0.08331364587074386 0.627211957126324 1.0 0.0808707790527709 0.12184661778553642
L6E 0.3129723919459222 -0.013497509634281929 0.2290179126944034 0.09974593343244607 0.011493376005950654 0.0808707790527709 1.0 -0.03341861753893662
L6I 0.05366217946026112 0.23746080239225628 -0.0550509183185909 0.1355487253658547 0.3018811448168631 0.12184661778553642 -0.03341861753893662 1.0
