 L23E L23I L4E L4I L5E L5I L6E L6I
L23E 1.0 0.7957311844232158 0.8283132506486225 0.9774710472008998 0.9100538607259573 0.8639312762192498 0.8499670611058618 0.6676134348296712
L23I 0.7957311844232158 1.0 0.3274052089497563 0.6534735695562855 0.9666289913150417 0.9745156888929466 0.851085569816819 0.9790976746647062
L4E 0.8283132506486225 0.3274052089497563 1.0 0.9202926710710935 0.5456403652295391 0.47345398873950006 0.592345174135177 0.153359963447346
L4I 0.9774710472008998 0.6534735695562855 0.9202926710710935 1.0 0.8045613094256618 0.7424221718877365 0.7595140760153526 0.4997866925463883
L5E 0.9100538607259573 0.9666289913150417 0.5456403652295391 0.8045613094256618 1.0 0.9935575529971141 0.9347939583962024 0.9091614733896765
L5I 0.8639312762192498 0.9745156888929466 0.47345398873950006 0.7424221718877365 0.9935575529971141 1.0 0.9438890788507692 0.9360423356712354
L6E 0.8499670611058618 0.851085569816819 0.592345174135177 0.7595140760153526 0.9347939583962024 0.9438890788507692 1.0 0.8036441930069578
L6I 0.6676134348296712 0.9790976746647062 0.153359963447346 0.4997866925463883 0.9091614733896765 0.9360423356712354 0.8036441930069578 1.0
