 L23E L23I L4E L4I L5E L5I L6E L6I
L23E 1.0 0.9978249612152655 0.5136328414722329 0.48739177318907084 0.7671478367400641 0.646983118047371 0.46349189824401327 0.38886533483148067
L23I 0.9978249612152655 1.0 0.45835648343909896 0.431207193810211 0.7743258474615511 0.6520126630029193 0.46015146375623056 0.3905063775232822
L4E 0.5136328414722329 0.45835648343909896 1.0 0.9992104758941353 0.28233776568935487 0.2544412426342859 0.279391561090652 0.17551210606874904
L4I 0.48739177318907084 0.431207193810211 0.9992104758941353 1.0 0.2601945258667433 0.23604257631626938 0.2679564624991108 0.16489423207526782
L5E 0.7671478367400641 0.7743258474615511 0.28233776568935487 0.2601945258667433 1.0 0.9832530215293894 0.49496904805110115 0.44748680676264657
L5I 0.646983118047371 0.6520126630029193 0.2544412426342859 0.23604257631626938 0.9832530215293894 1.0 0.4704791040486782 0.42884023580653735
L6E 0.46349189824401327 0.46015146375623056 0.279391561090652 0.2679564624991108 0.49496904805110115 0.4704791040486782 1.0 0.993073755028345
L6I 0.38886533483148067 0.3905063775232822 0.17551210606874904 0.16489423207526782 0.44748680676264657 0.42884023580653735 0.993073755028345 1.0
