 L23E L23I L4E L4I L5E L5I L6E L6I
L23E 1.0 0.9979237214663595 0.5012632861146632 0.4747088413929281 0.7947215297884405 0.6896310292350106 0.41755430846318503 0.3392053004911439
L23I 0.9979237214663595 1.0 0.4469367669297448 0.4195210997415475 0.8024010559915774 0.6954885230398298 0.41513049203093805 0.3414793520958935
L4E 0.5012632861146632 0.4469367669297448 1.0 0.9991941196800392 0.2741469842847921 0.25131264265635955 0.23437694616118984 0.1313763847777124
L4I 0.4747088413929281 0.4195210997415475 0.9991941196800392 1.0 0.25161677433871826 0.232211978894013 0.22314022155540295 0.12108110832123642
L5E 0.7947215297884405 0.8024010559915774 0.2741469842847921 0.25161677433871826 1.0 0.9855664175825256 0.4383497802140125 0.38491712345937146
L5I 0.6896310292350106 0.6954885230398298 0.25131264265635955 0.232211978894013 0.9855664175825256 1.0 0.419731665720356 0.3716449663500661
L6E 0.41755430846318503 0.41513049203093805 0.23437694616118984 0.22314022155540295 0.4383497802140125 0.419731665720356 1.0 0.9931294893671612
L6I 0.3392053004911439 0.3414793520958935 0.1313763847777124 0.12108110832123642 0.38491712345937146 0.3716449663500661 0.9931294893671612 1.0
