 L23E L23I L4E L4I L5E L5I L6E L6I
L23E 1.0 0.19531160714067014 0.13241422700532968 0.07557455066901327 0.07093045465070999 0.07120532851817438 0.303764311489427 -0.005687088971585463
L23I 0.19531160714067014 1.0 0.038392576235847894 0.07308604408330635 0.1902365860336836 0.08562194697248204 0.019832593923754048 0.08384045055457096
L4E 0.13241422700532968 0.038392576235847894 1.0 0.47168993292401035 -0.05744894337393292 -0.026823407467094988 0.1035698728987103 -0.04270438806458958
L4I 0.07557455066901327 0.07308604408330635 0.47168993292401035 1.0 0.04223946620659525 0.01619181300792144 0.03415328547780159 0.027460106278017374
L5E 0.07093045465070999 0.1902365860336836 -0.05744894337393292 0.04223946620659525 1.0 0.7590504258287498 0.0489079098178538 0.15198181340859518
L5I 0.07120532851817438 0.08562194697248204 -0.026823407467094988 0.01619181300792144 0.7590504258287498 1.0 0.09651544419341776 0.13034654467637666
L6E 0.303764311489427 0.019832593923754048 0.1035698728987103 0.03415328547780159 0.0489079098178538 0.09651544419341776 1.0 0.0013126103005250969
L6I -0.005687088971585463 0.08384045055457096 -0.04270438806458958 0.027460106278017374 0.15198181340859518 0.13034654467637666 0.0013126103005250969 1.0
