 L23E L23I L4E L4I L5E L5I L6E L6I
L23E 1.0 -0.028433633239502664 0.046712908300544954 -0.0005999340262614122 -0.013278440653901893 0.015936975924562252 0.019314446195440444 -0.017609603130654208
L23I -0.028433633239502664 1.0 -0.08044892258108743 0.08061458659190791 0.3192521950550564 0.19143131468847913 -0.044577987484350226 0.12683767693855855
L4E 0.046712908300544954 -0.08044892258108743 1.0 0.026455067063362706 -0.05451481495093046 0.13675660010978744 0.14234615479820525 -0.02619646307083038
L4I -0.0005999340262614122 0.08061458659190791 0.026455067063362706 1.0 0.09974626141469661 0.03413718799208564 0.021651562093515094 0.03595763935161043
L5E -0.013278440653901893 0.3192521950550564 -0.05451481495093046 0.09974626141469661 1.0 0.7486026207514828 -0.02301904654430307 0.15398425706779628
L5I 0.015936975924562252 0.19143131468847913 0.13675660010978744 0.03413718799208564 0.7486026207514828 1.0 0.018221562898256244 0.15293535976950595
L6E 0.019314446195440444 -0.044577987484350226 0.14234615479820525 0.021651562093515094 -0.02301904654430307 0.018221562898256244 1.0 -0.031511841684949894
L6I -0.017609603130654208 0.12683767693855855 -0.02619646307083038 0.03595763935161043 0.15398425706779628 0.15293535976950595 -0.031511841684949894 1.0
