 L23E L23I L4E L4I L5E L5I L6E L6I
L23E 1.0 0.9588961116016286 0.4285336151830108 0.19083267165491727 0.8303588760765374 0.6210503318990437 0.640744037534232 0.3666907228487807
L23I 0.9588961116016286 1.0 0.41996983400238325 0.2163085612801945 0.8279365495031534 0.6232645075563666 0.5451530582578383 0.3206916171380255
L4E 0.4285336151830108 0.41996983400238325 1.0 0.8815158745237753 0.32917294809951964 0.44119273158894295 0.522258732232017 0.3494869161396338
L4I 0.19083267165491727 0.2163085612801945 0.8815158745237753 1.0 0.09595486986769565 0.20004115970077546 0.2456666571179936 0.15932339076345844
L5E 0.8303588760765374 0.8279365495031534 0.32917294809951964 0.09595486986769565 1.0 0.9119818615399623 0.5901115667020218 0.4131716195211346
L5I 0.6210503318990437 0.6232645075563666 0.44119273158894295 0.20004115970077546 0.9119818615399623 1.0 0.5780983503785119 0.46776469518287567
L6E 0.640744037534232 0.5451530582578383 0.522258732232017 0.2456666571179936 0.5901115667020218 0.5780983503785119 1.0 0.9023778517859342
L6I 0.3666907228487807 0.3206916171380255 0.3494869161396338 0.15932339076345844 0.4131716195211346 0.46776469518287567 0.9023778517859342 1.0
