 L23E L23I L4E L4I L5E L5I L6E L6I
L23E 1.0 0.9621243599844889 0.4844850764294001 0.25739789737847923 0.831285384253655 0.6074843425763312 0.6502086589589445 0.34843952256230265
L23I 0.9621243599844889 1.0 0.46530051933416966 0.26715416711315654 0.8322508943668119 0.6164113883789482 0.5626213723695228 0.3050821769141702
L4E 0.4844850764294001 0.46530051933416966 1.0 0.8777116732923217 0.3837658394150696 0.46981364845915 0.5705707654922153 0.3685875251696575
L4I 0.25739789737847923 0.26715416711315654 0.8777116732923217 1.0 0.16127503556579614 0.249938239349593 0.3021585398532768 0.19182807921279216
L5E 0.831285384253655 0.8322508943668119 0.3837658394150696 0.16127503556579614 1.0 0.90312959121786 0.6009737124947695 0.39364730621781374
L5I 0.6074843425763312 0.6164113883789482 0.46981364845915 0.249938239349593 0.90312959121786 1.0 0.5767601370817692 0.44358423024176824
L6E 0.6502086589589445 0.5626213723695228 0.5705707654922153 0.3021585398532768 0.6009737124947695 0.5767601370817692 1.0 0.8864375843903953
L6I 0.34843952256230265 0.3050821769141702 0.3685875251696575 0.19182807921279216 0.39364730621781374 0.44358423024176824 0.8864375843903953 1.0
