 L23E L23I L4E L4I L5E L5I L6E L6I
L23E 1.0 0.7829832850812952 0.9238932270868495 0.9805800340359501 0.904086501317679 0.8528447046298026 0.8593127309741864 0.6809917032084234
L23I 0.7829832850812952 1.0 0.5099505094002652 0.6868432367226841 0.9640441819813862 0.9748464968400921 0.9178740245615575 0.9525903490788196
L4E 0.9238932270868495 0.5099505094002652 1.0 0.9651056160197521 0.7023249139682705 0.6281975020525774 0.6866122448865322 0.41684686605357046
L4I 0.9805800340359501 0.6868432367226841 0.9651056160197521 1.0 0.8350444137891052 0.7715767557284342 0.8000978438129752 0.6039911450025276
L5E 0.904086501317679 0.9640441819813862 0.7023249139682705 0.8350444137891052 1.0 0.9869868270516461 0.9644691089135143 0.9030233700433887
L5I 0.8528447046298026 0.9748464968400921 0.6281975020525774 0.7715767557284342 0.9869868270516461 1.0 0.9648079730241251 0.9246067669181611
L6E 0.8593127309741864 0.9178740245615575 0.6866122448865322 0.8000978438129752 0.9644691089135143 0.9648079730241251 1.0 0.8880770277871147
L6I 0.6809917032084234 0.9525903490788196 0.41684686605357046 0.6039911450025276 0.9030233700433887 0.9246067669181611 0.8880770277871147 1.0
