 L23E L23I L4E L4I L5E L5I L6E L6I
L23E 1.0 0.9947051926591116 0.7759196882621088 0.767362465011529 0.6109994269123734 0.49566712422623366 0.41680932238774915 0.3056767352288313
L23I 0.9947051926591116 1.0 0.7301401531751053 0.720712501579909 0.6145088231831644 0.4965752815375901 0.42331080027400675 0.31750244883027895
L4E 0.7759196882621088 0.7301401531751053 1.0 0.996760537738273 0.42774077501821434 0.36549915589994314 0.2611579451991092 0.12937115283265038
L4I 0.767362465011529 0.720712501579909 0.996760537738273 1.0 0.42272405826968523 0.3621929539868965 0.25683461566070426 0.12526269863217027
L5E 0.6109994269123734 0.6145088231831644 0.42774077501821434 0.42272405826968523 1.0 0.9846561546696252 0.39588485590389805 0.3257986421965982
L5I 0.49566712422623366 0.4965752815375901 0.36549915589994314 0.3621929539868965 0.9846561546696252 1.0 0.35814729647446314 0.2971398626156251
L6E 0.41680932238774915 0.42331080027400675 0.2611579451991092 0.25683461566070426 0.39588485590389805 0.35814729647446314 1.0 0.9832325870293341
L6I 0.3056767352288313 0.31750244883027895 0.12937115283265038 0.12526269863217027 0.3257986421965982 0.2971398626156251 0.9832325870293341 1.0
