 L23E L23I L4E L4I L5E L5I L6E L6I
L23E 1.0 -0.08933285829853445 0.13548904358791666 0.0019002052316074052 -0.08599477151623301 -0.010751200242319502 0.20428974842100767 -0.05102506706605669
L23I -0.08933285829853445 1.0 0.0022222307961934935 0.3256488890562309 0.3177755148553046 0.15793601352497053 -0.0790029217453141 0.06193245378885728
L4E 0.13548904358791666 0.0022222307961934935 1.0 0.5094375156213291 -0.04540903611974526 0.06470409095830519 0.11884576812234396 -0.03855868655614666
L4I 0.0019002052316074052 0.3256488890562309 0.5094375156213291 1.0 0.18898890337608557 0.1532869601213483 0.030089733213567293 0.03111866833833165
L5E -0.08599477151623301 0.3177755148553046 -0.04540903611974526 0.18898890337608557 1.0 0.6520170997453685 -0.06264583374116783 0.09086599150407586
L5I -0.010751200242319502 0.15793601352497053 0.06470409095830519 0.1532869601213483 0.6520170997453685 1.0 -0.03271330401632135 0.03989494639642739
L6E 0.20428974842100767 -0.0790029217453141 0.11884576812234396 0.030089733213567293 -0.06264583374116783 -0.03271330401632135 1.0 -0.03402487652098208
L6I -0.05102506706605669 0.06193245378885728 -0.03855868655614666 0.03111866833833165 0.09086599150407586 0.03989494639642739 -0.03402487652098208 1.0
