 L23E L23I L4E L4I L5E L5I L6E L6I
L23E 1.0 0.6447107876254676 0.0840753591090238 0.5888792622750267 0.6479125444051207 0.23964264219789555 0.4442244180917856 0.39858879120282753
L23I 0.6447107876254676 1.0 -0.1953827162533812 0.4086989214365201 0.6282063779132119 0.23317815011141732 0.1463198936349051 0.415891615734575
L4E 0.0840753591090238 -0.1953827162533812 1.0 0.6448171142025005 -0.08873369952753647 0.05344538172216305 0.37014754920954823 -0.12413492602735963
L4I 0.5888792622750267 0.4086989214365201 0.6448171142025005 1.0 0.3946841937816558 0.22463083736718698 0.4241874976114579 0.17217834982708266
L5E 0.6479125444051207 0.6282063779132119 -0.08873369952753647 0.3946841937816558 1.0 0.5717772905411433 0.2819486948347276 0.42050134347343493
L5I 0.23964264219789555 0.23317815011141732 0.05344538172216305 0.22463083736718698 0.5717772905411433 1.0 0.12772328305595093 0.15068520572939165
L6E 0.4442244180917856 0.1463198936349051 0.37014754920954823 0.4241874976114579 0.2819486948347276 0.12772328305595093 1.0 0.5974760361723801
L6I 0.39858879120282753 0.415891615734575 -0.12413492602735963 0.17217834982708266 0.42050134347343493 0.15068520572939165 0.5974760361723801 1.0
