 L23E L23I L4E L4I L5E L5I L6E L6I
L23E 1.0 0.7863314822760342 0.9245104345666785 0.9796753681957623 0.9052012814616969 0.852570702681789 0.8665805634892089 0.6861268913961652
L23I 0.7863314822760342 1.0 0.5163311548457604 0.6889286796772016 0.9655465356636146 0.9761063132300344 0.9206808420064553 0.9518230153619331
L4E 0.9245104345666785 0.5163311548457604 1.0 0.9656189542791228 0.7042130794934373 0.6280560195638207 0.6949557229919465 0.42492102468112314
L4I 0.9796753681957623 0.6889286796772016 0.9656189542791228 1.0 0.8342716812593708 0.768711902679283 0.805537748644137 0.6094797160939471
L5E 0.9052012814616969 0.9655465356636146 0.7042130794934373 0.8342716812593708 1.0 0.9869542462567004 0.9670491997508349 0.9030213006950499
L5I 0.852570702681789 0.9761063132300344 0.6280560195638207 0.768711902679283 0.9869542462567004 1.0 0.9658145992372222 0.923383279241305
L6E 0.8665805634892089 0.9206808420064553 0.6949557229919465 0.805537748644137 0.9670491997508349 0.9658145992372222 1.0 0.8853049609502929
L6I 0.6861268913961652 0.9518230153619331 0.42492102468112314 0.6094797160939471 0.9030213006950499 0.923383279241305 0.8853049609502929 1.0
