 L23E L23I L4E L4I L5E L5I L6E L6I
L23E 1.0 0.3993622228329922 0.06075534096186565 0.3575895718900175 0.3677137318774549 0.18775246964408207 0.18447303875571017 0.14136367289869428
L23I 0.3993622228329922 1.0 0.0009833940482822105 0.35261054250103846 0.3726446612961444 0.18990776332049875 0.07971324709835932 0.11098848442483439
L4E 0.06075534096186565 0.0009833940482822105 1.0 0.4293800483832437 -0.03874810258140634 0.06782918353933813 0.13551040926688887 -0.0804300687764567
L4I 0.3575895718900175 0.35261054250103846 0.4293800483832437 1.0 0.22789745195287037 0.1780248270909037 0.149397336201415 0.007410314118247285
L5E 0.3677137318774549 0.3726446612961444 -0.03874810258140634 0.22789745195287037 1.0 0.6772275887413377 0.1503119713654477 0.15073580809890338
L5I 0.18775246964408207 0.18990776332049875 0.06782918353933813 0.1780248270909037 0.6772275887413377 1.0 0.09825830552311647 0.06660434303212648
L6E 0.18447303875571017 0.07971324709835932 0.13551040926688887 0.149397336201415 0.1503119713654477 0.09825830552311647 1.0 0.31005012049088687
L6I 0.14136367289869428 0.11098848442483439 -0.0804300687764567 0.007410314118247285 0.15073580809890338 0.06660434303212648 0.31005012049088687 1.0
