 L23E L23I L4E L4I L5E L5I L6E L6I
L23E 1.0 0.8514545708619082 0.4265063200590806 0.38114231256686637 0.6275003960900156 0.39394255809494283 0.613296327661863 0.3371469179806552
L23I 0.8514545708619082 1.0 0.5666913239785352 0.541118867283272 0.5303687338045954 0.3883082514686705 0.5097939334085173 0.28073164737701034
L4E 0.4265063200590806 0.5666913239785352 1.0 0.8767706107598058 0.25430877306745897 0.4170486568353876 0.4510918931848668 0.2344691090711379
L4I 0.38114231256686637 0.541118867283272 0.8767706107598058 1.0 0.21636606985869658 0.31790662476035514 0.3666871953372523 0.16517272364032787
L5E 0.6275003960900156 0.5303687338045954 0.25430877306745897 0.21636606985869658 1.0 0.7887140867833783 0.4477420040405964 0.2839261530746432
L5I 0.39394255809494283 0.3883082514686705 0.4170486568353876 0.31790662476035514 0.7887140867833783 1.0 0.34997206552486626 0.24186144072797505
L6E 0.613296327661863 0.5097939334085173 0.4510918931848668 0.3666871953372523 0.4477420040405964 0.34997206552486626 1.0 0.7283793874908346
L6I 0.3371469179806552 0.28073164737701034 0.2344691090711379 0.16517272364032787 0.2839261530746432 0.24186144072797505 0.7283793874908346 1.0
